k: 118.42599756804456
c: 773.1812353458436
w: 0.9865871586597006
