c: 476.69955789531025
k: 198.04177327774718
w: 1.3423579363390743
