c: 573.4502914056095
k: 117.06236919530659
w: 1.030973501007087
