c: 496.6574276875349
k: 62.82891966590958
w: 1.1482352109840261
