c: 990.0818493322008
k: 197.32183528411673
w: 0.7761749599500305
