c: 400.6042976794986
player_learning_rate: 39.84969656028886
team_learning_rate: 32.15355289186867
w: 3.751641328633288
