c: 982.774671634335
k: 313.20171646908057
w: 2.0
