c: 491.81639375175257
k: 46.93090369934317
w: 1.3650693377299488
