c: 968.5789599622035
k: 320.2899363776504
w: 1.3846452313386282
