c: 469.02357392954605
k: 198.68324350306037
w: 1.9338776262481425
