c: 570.9385037606951
k: 115.37226884775326
w: 0.9978181296170652
